1 0.110156 0.046094 0.057813 0.029687
1 0.126562 0.283594 0.087500 0.082812
1 0.247656 0.153906 0.070312 0.035937
1 0.368750 0.130469 0.084375 0.048438
1 0.464062 0.179688 0.050000 0.056250
1 0.486719 0.265625 0.039062 0.028125
1 0.342969 0.470313 0.035937 0.040625
1 0.462500 0.406250 0.068750 0.059375
1 0.032813 0.583594 0.040625 0.039062
1 0.513281 0.663281 0.042188 0.064062
1 0.526563 0.732812 0.040625 0.037500
1 0.037500 0.492969 0.034375 0.035937
1 0.092969 0.515625 0.042188 0.040625
1 0.782031 0.686719 0.032813 0.039062
1 0.706250 0.882812 0.037500 0.043750
1 0.594531 0.939063 0.064062 0.050000
1 0.301563 0.964844 0.028125 0.042188
1 0.955469 0.853906 0.039062 0.029687