1 0.043403 0.599434 0.055556 0.080117
1 0.717690 0.738231 0.085380 0.051462
1 0.401407 0.765680 0.059064 0.043859
1 0.556186 0.082657 0.065497 0.059064
1 0.515936 0.848282 0.081872 0.059064
1 0.696044 0.878080 0.051462 0.046784
1 0.235663 0.897295 0.080702 0.069591
1 0.568019 0.935106 0.048538 0.051463
1 0.396811 0.209393 0.065497 0.081286
1 0.817818 0.221528 0.054386 0.055556
1 0.642032 0.235873 0.059064 0.065497
1 0.142809 0.348876 0.063742 0.050877
1 0.830592 0.386559 0.073684 0.063742
1 0.209210 0.403655 0.068420 0.057309