1 0.354643 0.830905 0.029866 0.051489
1 0.520873 0.832135 0.046263 0.050017
1 0.888973 0.162349 0.034551 0.038984
1 0.199814 0.171911 0.055047 0.058108
1 0.518732 0.231376 0.035721 0.043398
1 0.436784 0.233456 0.034551 0.051489
1 0.438440 0.287633 0.040993 0.041926
1 0.280902 0.296725 0.035721 0.040456
1 0.189356 0.326560 0.049777 0.052959
1 0.517561 0.349293 0.033379 0.043398
1 0.886630 0.403586 0.029866 0.041926
1 0.188002 0.438467 0.034551 0.044868
1 0.816696 0.462429 0.043335 0.033834
1 0.519409 0.495954 0.043335 0.041926
1 0.191223 0.555028 0.040993 0.050017
1 0.439419 0.558718 0.039821 0.045605
1 0.353856 0.571624 0.034551 0.036042
1 0.963674 0.649477 0.046263 0.058108