1 0.083755 0.714534 0.070634 0.060317
1 0.321131 0.617460 0.054763 0.034920
1 0.524975 0.538269 0.046825 0.048412
1 0.450744 0.727009 0.045237 0.057142
1 0.533953 0.701562 0.046031 0.050000
1 0.591022 0.822445 0.050794 0.073016
1 0.133705 0.849702 0.114286 0.061905
1 0.185938 0.701488 0.050000 0.040477
1 0.625372 0.394147 0.047619 0.050794
1 0.717039 0.342882 0.030953 0.038889
1 0.719791 0.285144 0.033333 0.048413
1 0.818602 0.325124 0.080953 0.065873
1 0.801934 0.232813 0.047619 0.050000
1 0.456473 0.217659 0.078572 0.060317
1 0.560218 0.200695 0.057936 0.038889
1 0.379415 0.139236 0.065080 0.072222
1 0.445560 0.142460 0.031745 0.034920
1 0.179613 0.183209 0.040477 0.050794
1 0.230010 0.132291 0.041270 0.033333
1 0.416394 0.042287 0.048412 0.062698
1 0.499529 0.049256 0.039683 0.054763
1 0.814013 0.121429 0.043652 0.042858
1 0.704316 0.721602 0.052381 0.065080
1 0.766691 0.748512 0.036508 0.059523
1 0.947173 0.509251 0.038095 0.034127
1 0.921354 0.418254 0.033333 0.036508
1 0.924802 0.097991 0.024603 0.042858