1 0.099671 0.631185 0.036842 0.039763
1 0.268220 0.646919 0.042691 0.038540
1 0.632867 0.675317 0.043859 0.039763
1 0.074671 0.679514 0.036842 0.031811
1 0.264318 0.721695 0.038011 0.040987
1 0.728966 0.732229 0.039181 0.029364
1 0.617252 0.838777 0.034503 0.029975
1 0.907867 0.136046 0.043859 0.026917
1 0.219791 0.192737 0.033333 0.032422
1 0.146838 0.229404 0.037427 0.040375
1 0.051316 0.266481 0.052631 0.045880
1 0.513140 0.359457 0.045030 0.032422
1 0.620276 0.369876 0.037427 0.033646
1 0.315689 0.569390 0.034503 0.030586
1 0.748895 0.608513 0.032164 0.033646
1 0.214318 0.610759 0.038011 0.034869