1 0.974872 0.052211 0.030994 0.035672
1 0.459348 0.067736 0.028070 0.038597
1 0.677979 0.075648 0.049708 0.035672
1 0.608945 0.088541 0.039766 0.033333
1 0.498401 0.131798 0.037427 0.038597
1 0.625064 0.138350 0.034503 0.029825
1 0.139218 0.202211 0.040936 0.035672
1 0.931890 0.220276 0.045030 0.037427
1 0.859247 0.233945 0.030994 0.039766
1 0.139611 0.271848 0.038597 0.028070
1 0.698593 0.310809 0.040936 0.030994
1 0.819691 0.364035 0.036258 0.028070
1 0.217645 0.406314 0.032164 0.034503
1 0.093814 0.420184 0.034503 0.030994
1 0.766365 0.425950 0.042105 0.026900
1 0.652504 0.430145 0.036258 0.032164
1 0.508552 0.465104 0.042105 0.033333
1 0.326617 0.475064 0.043859 0.034503
1 0.460809 0.528773 0.030994 0.035672
1 0.726325 0.640598 0.043275 0.028070
1 0.246354 0.836979 0.033333 0.033333
1 0.195861 0.843713 0.038597 0.037427