1 0.955469 0.881250 0.032813 0.031250
1 0.292969 0.968750 0.035937 0.028125
1 0.266406 0.888281 0.082812 0.054688
1 0.198437 0.175781 0.096875 0.042188
1 0.289062 0.183594 0.040625 0.029687
1 0.352344 0.296094 0.045312 0.035937
1 0.431250 0.320312 0.031250 0.050000
1 0.373437 0.419531 0.031250 0.032813
1 0.421094 0.489063 0.045312 0.037500
1 0.063281 0.365625 0.035937 0.028125
1 0.369531 0.759375 0.035937 0.040625
1 0.066406 0.617969 0.039062 0.032813
1 0.747656 0.675000 0.026562 0.037500
1 0.952344 0.171875 0.045312 0.043750
1 0.967969 0.303125 0.035937 0.034375
1 0.869531 0.113281 0.042188 0.039062
1 0.715625 0.125000 0.028125 0.037500
1 0.498437 0.152344 0.034375 0.032813
1 0.522656 0.291406 0.045312 0.039062