1 0.088281 0.457813 0.029687 0.034375
1 0.292187 0.760938 0.050000 0.046875
1 0.313281 0.841406 0.035937 0.029687
1 0.253125 0.667188 0.037500 0.037500
1 0.588281 0.964063 0.057813 0.050000
1 0.560937 0.803906 0.034375 0.039062
1 0.604688 0.803125 0.031250 0.031250
1 0.551562 0.650781 0.037500 0.026562
1 0.127344 0.040625 0.035937 0.037500
1 0.634375 0.159375 0.081250 0.075000
1 0.831250 0.138281 0.028125 0.035937
1 0.829688 0.317969 0.046875 0.039062
1 0.592187 0.359375 0.050000 0.040625
1 0.687500 0.479687 0.043750 0.037500
1 0.955469 0.278906 0.032813 0.032813
1 0.913281 0.467969 0.035937 0.032813