1 0.078906 0.711719 0.070312 0.060937
1 0.316406 0.615625 0.054688 0.034375
1 0.520312 0.535156 0.046875 0.048438
1 0.444531 0.724219 0.045312 0.057813
1 0.527344 0.700000 0.045312 0.050000
1 0.585156 0.819531 0.051562 0.073438
1 0.128906 0.846875 0.114062 0.062500
1 0.179688 0.698438 0.050000 0.040625
1 0.620313 0.391406 0.046875 0.051562
1 0.710938 0.339844 0.031250 0.039062
1 0.714844 0.282031 0.032813 0.048438
1 0.812500 0.323437 0.081250 0.065625
1 0.795312 0.229687 0.046875 0.050000
1 0.450000 0.214844 0.078125 0.060937
1 0.553906 0.197656 0.057813 0.039062
1 0.373437 0.135937 0.065625 0.071875
1 0.440625 0.139063 0.031250 0.034375
1 0.173437 0.180469 0.040625 0.051562
1 0.223438 0.128906 0.040625 0.032813
1 0.492969 0.046094 0.039062 0.054688
1 0.807813 0.117969 0.043750 0.042188
1 0.698438 0.718750 0.053125 0.065625
1 0.761719 0.745313 0.035937 0.059375
1 0.940625 0.506250 0.037500 0.034375
1 0.914844 0.414844 0.032813 0.035937
1 0.920312 0.096094 0.025000 0.042188