1 0.332031 0.829670 0.029687 0.051020
1 0.498437 0.832614 0.046875 0.049058
1 0.865625 0.162480 0.034375 0.039246
1 0.177344 0.172292 0.054688 0.058870
1 0.497656 0.231162 0.035937 0.043171
1 0.415625 0.233124 0.034375 0.051020
1 0.417187 0.287088 0.040625 0.041209
1 0.258594 0.296900 0.035937 0.041209
1 0.167187 0.326334 0.050000 0.052983
1 0.494531 0.350863 0.032813 0.043171
1 0.165625 0.438187 0.034375 0.045133
1 0.793750 0.461735 0.043750 0.033359
1 0.496875 0.495094 0.043750 0.041209
1 0.168750 0.553964 0.040625 0.049058
1 0.417969 0.557889 0.039062 0.045133
1 0.940625 0.649137 0.046875 0.058870