1 0.546094 0.914844 0.035937 0.029687
1 0.640625 0.960938 0.037500 0.034375
1 0.236719 0.742969 0.042188 0.032813
1 0.305469 0.747656 0.042188 0.029687
1 0.457031 0.691406 0.042188 0.029687
1 0.425781 0.728125 0.029687 0.034375
1 0.358594 0.658594 0.042188 0.035937
1 0.799219 0.744531 0.039062 0.045312
1 0.900781 0.602344 0.032813 0.039062
1 0.321875 0.556250 0.046875 0.053125
1 0.116406 0.287500 0.045312 0.043750
1 0.132031 0.418750 0.035937 0.034375
1 0.286719 0.354687 0.026562 0.037500
1 0.033594 0.228906 0.042188 0.039062
1 0.528906 0.028906 0.039062 0.026562
1 0.457031 0.113281 0.042188 0.026562