1 0.157713 0.058805 0.037302 0.026984
1 0.187426 0.086681 0.040477 0.045237
1 0.432837 0.325000 0.053175 0.050000
1 0.503894 0.211483 0.048412 0.069841
1 0.145188 0.726438 0.034127 0.034127
1 0.784673 0.442435 0.088095 0.081745
1 0.687451 0.639633 0.043652 0.073016
1 0.754440 0.681498 0.068255 0.031745
1 0.608135 0.736632 0.041270 0.038889
1 0.485466 0.128348 0.039683 0.028572
1 0.606275 0.199206 0.053175 0.048413
1 0.566716 0.274206 0.039683 0.048413
1 0.581498 0.381795 0.081745 0.069841
1 0.797817 0.251389 0.070634 0.077778
1 0.844097 0.176563 0.044444 0.050000
1 0.971032 0.449554 0.042064 0.042858
1 0.959673 0.340154 0.038095 0.039683
1 0.559474 0.483284 0.062698 0.060317
1 0.768799 0.555134 0.056348 0.057142
1 0.231920 0.845287 0.085714 0.046825
1 0.516666 0.613541 0.033333 0.033333
1 0.694122 0.953621 0.047619 0.063492
1 0.854191 0.902183 0.036508 0.029366
1 0.051438 0.963666 0.034127 0.049206
1 0.250695 0.604390 0.038889 0.061905