1 0.833260 0.638148 0.041520 0.035672
1 0.324955 0.652403 0.046784 0.039181
1 0.111677 0.662363 0.042105 0.040352
1 0.644691 0.752111 0.036258 0.038597
1 0.741082 0.773502 0.032164 0.034503
1 0.055921 0.840880 0.036842 0.038011
1 0.338039 0.842927 0.047953 0.042105
1 0.600548 0.898109 0.038597 0.036842
1 0.261002 0.160115 0.034503 0.042105
1 0.478189 0.175648 0.034503 0.035672
1 0.565104 0.219591 0.033333 0.039181
1 0.819198 0.235124 0.041520 0.032748
1 0.671546 0.236002 0.036842 0.034503
1 0.628865 0.236687 0.042105 0.032748
1 0.833159 0.313240 0.044444 0.042105
1 0.069984 0.358461 0.036842 0.035672
1 0.508260 0.404075 0.041520 0.026900
1 0.382182 0.451426 0.045614 0.040352
1 0.088148 0.477010 0.035672 0.041520
1 0.630528 0.498995 0.039181 0.029239
1 0.925648 0.543229 0.035672 0.033333
1 0.101426 0.548693 0.040352 0.038011
1 0.859229 0.557392 0.049708 0.030409