1 0.055469 0.135937 0.029687 0.040625
1 0.642188 0.082031 0.028125 0.039062
1 0.362500 0.291406 0.096875 0.042188
1 0.453125 0.299219 0.040625 0.029687
1 0.516406 0.411719 0.045312 0.035937
1 0.595313 0.435937 0.031250 0.050000
1 0.537500 0.535156 0.031250 0.032813
1 0.585156 0.604688 0.045312 0.037500
1 0.130469 0.320312 0.032813 0.037500
1 0.103125 0.422656 0.050000 0.032813
1 0.227344 0.481250 0.035937 0.028125
1 0.533594 0.875000 0.035937 0.040625
1 0.230469 0.733594 0.039062 0.032813
1 0.152344 0.728125 0.035937 0.028125
1 0.911719 0.790625 0.026562 0.037500
1 0.879687 0.240625 0.028125 0.037500
1 0.662500 0.267969 0.034375 0.032813
1 0.686719 0.407031 0.045312 0.039062