1 0.270313 0.615052 0.040625 0.046713
1 0.128906 0.697232 0.039062 0.051903
1 0.818750 0.717128 0.037500 0.032872
1 0.936719 0.829585 0.035937 0.032872
1 0.626563 0.096886 0.040625 0.041522
1 0.850781 0.126298 0.042188 0.048443
1 0.644531 0.246540 0.042188 0.060554
1 0.432031 0.250000 0.035937 0.039792
1 0.904687 0.262976 0.034375 0.038062
1 0.147656 0.268166 0.064062 0.051903
1 0.753125 0.278547 0.037500 0.041522
1 0.807031 0.338235 0.048438 0.043253
1 0.446094 0.371107 0.035937 0.039792
1 0.067187 0.475779 0.050000 0.051903
1 0.407813 0.494810 0.053125 0.048443
1 0.807813 0.501730 0.040625 0.051903
1 0.462500 0.583910 0.037500 0.032872