1 0.151562 0.055469 0.037500 0.026562
1 0.182812 0.083594 0.040625 0.045312
1 0.426563 0.321875 0.053125 0.050000
1 0.497656 0.208594 0.048438 0.070312
1 0.139063 0.723437 0.034375 0.034375
1 0.778125 0.439063 0.087500 0.081250
1 0.682813 0.636719 0.043750 0.073438
1 0.748437 0.678125 0.068750 0.031250
1 0.601562 0.735156 0.040625 0.039062
1 0.480469 0.126562 0.039062 0.028125
1 0.600000 0.196094 0.053125 0.048438
1 0.560156 0.271094 0.039062 0.048438
1 0.576562 0.378906 0.081250 0.070312
1 0.791406 0.250000 0.070312 0.078125
1 0.837500 0.173437 0.043750 0.050000
1 0.964844 0.446094 0.042188 0.042188
1 0.954688 0.338281 0.037500 0.039062
1 0.553125 0.480469 0.062500 0.060937
1 0.762500 0.552344 0.056250 0.057813
1 0.225781 0.842187 0.085938 0.046875
1 0.510156 0.611719 0.032813 0.032813
1 0.687500 0.950781 0.046875 0.064062
1 0.849219 0.899219 0.035937 0.029687
1 0.045312 0.960156 0.034375 0.048438
1 0.244531 0.601562 0.039062 0.062500