1 0.412500 0.038281 0.040625 0.035937
1 0.249219 0.177344 0.057813 0.051562
1 0.797656 0.199219 0.045312 0.042188
1 0.289062 0.241406 0.028125 0.035937
1 0.039062 0.256250 0.050000 0.034375
1 0.963281 0.279687 0.051562 0.037500
1 0.571094 0.435156 0.039062 0.032813
1 0.232031 0.499219 0.035937 0.029687
1 0.275781 0.501563 0.035937 0.028125
1 0.386719 0.562500 0.039062 0.031250
1 0.541406 0.605469 0.039062 0.039062
1 0.313281 0.625000 0.032813 0.034375
1 0.803906 0.641406 0.039062 0.029687
1 0.274219 0.684375 0.042188 0.040625
1 0.390625 0.798438 0.043750 0.025000
1 0.344531 0.854688 0.039062 0.028125
1 0.278906 0.914844 0.039062 0.032813
1 0.079687 0.925781 0.034375 0.035937