1 0.075781 0.533594 0.045312 0.032813
1 0.141406 0.526563 0.042188 0.031250
1 0.093750 0.446094 0.034375 0.039062
1 0.309375 0.462500 0.046875 0.034375
1 0.453906 0.421094 0.095312 0.067187
1 0.494531 0.725781 0.057813 0.039062
1 0.546875 0.965625 0.031250 0.031250
1 0.677344 0.888281 0.042188 0.032813
1 0.743750 0.772656 0.034375 0.029687
1 0.273438 0.148438 0.031250 0.031250
1 0.402344 0.151562 0.039062 0.031250
1 0.462500 0.165625 0.037500 0.028125
1 0.557813 0.263281 0.040625 0.029687
1 0.936719 0.206250 0.045312 0.028125
1 0.970313 0.142187 0.040625 0.028125
1 0.730469 0.385937 0.039062 0.031250
1 0.792969 0.692969 0.042188 0.029687
1 0.249219 0.792969 0.035937 0.032813
1 0.373437 0.683594 0.040625 0.029687
1 0.676562 0.655469 0.053125 0.039062
1 0.497656 0.634375 0.042188 0.028125