1 0.046503 0.762177 0.052381 0.058730
1 0.151612 0.798115 0.056348 0.058730
1 0.306548 0.874852 0.038095 0.030953
1 0.324082 0.752629 0.032539 0.036508
1 0.436731 0.757391 0.051588 0.046031
1 0.279241 0.566369 0.042858 0.045237
1 0.228845 0.471751 0.042064 0.034127
1 0.239038 0.279415 0.096825 0.065080
1 0.564930 0.074752 0.061111 0.068255
1 0.480159 0.120635 0.060317 0.041270
1 0.706696 0.405853 0.057142 0.049206
1 0.603076 0.586309 0.043652 0.047619
1 0.587426 0.691345 0.040477 0.042064
1 0.639360 0.869023 0.038095 0.034920
1 0.837847 0.953423 0.044444 0.038095
1 0.868750 0.747941 0.050000 0.036508