1 0.436093 0.065004 0.040936 0.036258
1 0.271135 0.205419 0.057895 0.051463
1 0.820952 0.225740 0.045030 0.042105
1 0.312473 0.269398 0.028070 0.035672
1 0.062354 0.282877 0.049708 0.034503
1 0.034530 0.347523 0.040936 0.035672
1 0.594298 0.462957 0.038597 0.032164
1 0.254066 0.525850 0.036258 0.029825
1 0.299379 0.529660 0.036258 0.028070
1 0.410508 0.590497 0.039766 0.030994
1 0.563633 0.633361 0.039766 0.038597
1 0.335416 0.651627 0.033333 0.034503
1 0.827695 0.669600 0.039766 0.029825
1 0.297615 0.712655 0.042105 0.040936
1 0.414117 0.826343 0.043859 0.024561
1 0.366758 0.881515 0.039766 0.028655
1 0.302695 0.943229 0.039766 0.033333
1 0.103189 0.952504 0.034503 0.036258