1 0.066406 0.324556 0.029687 0.048641
1 0.178125 0.137538 0.040625 0.053673
1 0.385156 0.749748 0.045312 0.060382
1 0.446875 0.520798 0.053125 0.062060
1 0.478906 0.136699 0.032813 0.035223
1 0.443750 0.070446 0.037500 0.036900
1 0.673438 0.302751 0.037500 0.028514
1 0.607812 0.422677 0.034375 0.036900
1 0.718750 0.103992 0.034375 0.036900
1 0.966406 0.219725 0.032813 0.040255
1 0.939063 0.329587 0.050000 0.035223
1 0.643750 0.674270 0.056250 0.057028
1 0.688281 0.606340 0.042188 0.038578
1 0.593750 0.826904 0.040625 0.030191