1 0.303975 0.613633 0.029825 0.039766
1 0.426617 0.765405 0.043859 0.024561
1 0.553856 0.802020 0.051462 0.032164
1 0.487555 0.878856 0.043859 0.051463
1 0.710901 0.943723 0.037427 0.028070
1 0.824963 0.952020 0.037427 0.032164
1 0.436486 0.970468 0.038597 0.040936
1 0.190588 0.971838 0.037427 0.037427
1 0.384695 0.121445 0.072514 0.039766
1 0.673008 0.171354 0.039766 0.033333
1 0.779934 0.282291 0.047369 0.033333
1 0.175055 0.283169 0.043859 0.035087
1 0.472916 0.314218 0.033333 0.040936
1 0.053481 0.317343 0.035087 0.040936
1 0.398200 0.322634 0.043275 0.023392
1 0.472725 0.430820 0.029825 0.039766
1 0.100338 0.431798 0.053802 0.038597
1 0.154934 0.482191 0.047369 0.036258