1 0.767188 0.541406 0.065625 0.070312
1 0.419531 0.549219 0.054688 0.073438
1 0.050781 0.591406 0.054688 0.051562
1 0.145313 0.613281 0.034375 0.039062
1 0.496875 0.621094 0.040625 0.042188
1 0.407813 0.692187 0.040625 0.043750
1 0.099219 0.735156 0.035937 0.073438
1 0.788281 0.853125 0.054688 0.046875
1 0.957812 0.110156 0.034375 0.039062
1 0.876563 0.139844 0.043750 0.045312
1 0.952344 0.210156 0.039062 0.042188
1 0.369531 0.357812 0.035937 0.040625
1 0.240625 0.411719 0.053125 0.070312
1 0.113281 0.467187 0.048438 0.078125