1 0.107813 0.094531 0.037500 0.029687
1 0.082812 0.351562 0.031250 0.037500
1 0.230469 0.417969 0.029687 0.045312
1 0.103125 0.519531 0.087500 0.039062
1 0.342187 0.243750 0.040625 0.050000
1 0.167969 0.596875 0.042188 0.025000
1 0.038281 0.928125 0.039062 0.028125
1 0.549219 0.814063 0.045312 0.056250
1 0.610938 0.600781 0.053125 0.057813
1 0.589844 0.054688 0.048438 0.037500
1 0.642969 0.242969 0.032813 0.032813
1 0.607812 0.181250 0.037500 0.034375
1 0.837500 0.397656 0.037500 0.026562
1 0.771875 0.509375 0.034375 0.034375
1 0.882812 0.212500 0.034375 0.034375
1 0.807813 0.743750 0.056250 0.053125
1 0.852344 0.680469 0.042188 0.035937
1 0.757812 0.885938 0.040625 0.028125