1 0.570982 0.049886 0.051047 0.069324
1 0.659315 0.152980 0.043667 0.052230
1 0.767771 0.272544 0.043667 0.057927
1 0.818712 0.275097 0.043667 0.042733
1 0.548092 0.281744 0.038132 0.056029
1 0.631793 0.283807 0.041207 0.055080
1 0.461287 0.328989 0.058428 0.069324
1 0.164383 0.368799 0.043052 0.062676
1 0.824546 0.374200 0.065194 0.053179
1 0.281142 0.551485 0.059657 0.062676
1 0.204850 0.649505 0.041821 0.045583
1 0.306223 0.673438 0.037516 0.057927
1 0.564938 0.750671 0.035672 0.055080
1 0.434793 0.792187 0.054737 0.087367