1 0.422332 0.053363 0.032164 0.074463
1 0.864802 0.161425 0.042105 0.059369
1 0.821254 0.227790 0.036258 0.068424
1 0.366923 0.265918 0.071345 0.085532
1 0.238724 0.306766 0.046198 0.070438
1 0.523876 0.446367 0.050877 0.107670
1 0.779349 0.466068 0.046198 0.066413
1 0.966566 0.519682 0.036258 0.055344
1 0.104048 0.518675 0.054970 0.053331
1 0.775055 0.603862 0.043859 0.062388
1 0.190287 0.628907 0.046198 0.053331
1 0.569691 0.733086 0.036258 0.057355
1 0.220559 0.740822 0.047369 0.051320
1 0.618229 0.803822 0.033333 0.064400