1 0.910937 0.525000 0.037500 0.037500
1 0.741406 0.539062 0.042188 0.037500
1 0.376563 0.567187 0.043750 0.037500
1 0.934375 0.571094 0.037500 0.029687
1 0.745313 0.610156 0.037500 0.039062
1 0.282031 0.620313 0.039062 0.028125
1 0.829688 0.908594 0.053125 0.035937
1 0.101562 0.050000 0.043750 0.025000
1 0.789844 0.104688 0.032813 0.031250
1 0.864062 0.139844 0.037500 0.039062
1 0.957812 0.176563 0.053125 0.043750
1 0.496094 0.264062 0.045312 0.031250
1 0.389062 0.274219 0.037500 0.032813
1 0.693750 0.464844 0.034375 0.029687
1 0.260156 0.502344 0.032813 0.032813
1 0.795312 0.505469 0.037500 0.032813