1 0.134722 0.189409 0.044444 0.044444
1 0.097991 0.412451 0.042858 0.043652
1 0.502580 0.964409 0.030159 0.044444
1 0.119494 0.844097 0.045237 0.044444
1 0.052629 0.895982 0.036508 0.035714
1 0.156895 0.345560 0.032539 0.031745
1 0.086607 0.521999 0.035714 0.065873
1 0.145089 0.526959 0.021428 0.050794
1 0.296081 0.523487 0.048413 0.056348
1 0.395560 0.527654 0.031745 0.039683
1 0.398934 0.593155 0.063492 0.073809
1 0.273438 0.703497 0.050000 0.047619
1 0.332416 0.757565 0.049206 0.068255
1 0.592709 0.361582 0.066667 0.082539
1 0.812054 0.576191 0.042858 0.052381
1 0.650000 0.713517 0.050000 0.030159
1 0.672916 0.909474 0.083333 0.062698
1 0.551513 0.920114 0.043652 0.024603
1 0.809871 0.946577 0.063492 0.061905
1 0.882837 0.248388 0.053175 0.043652
1 0.538988 0.155555 0.040477 0.061111
1 0.355109 0.180853 0.053969 0.049206
1 0.564459 0.046056 0.050794 0.045237
1 0.684326 0.052306 0.043652 0.045237