1 0.129688 0.185938 0.043750 0.043750
1 0.092969 0.409375 0.042188 0.043750
1 0.496094 0.962500 0.029687 0.043750
1 0.113281 0.840625 0.045312 0.043750
1 0.047656 0.892969 0.035937 0.035937
1 0.150781 0.342187 0.032813 0.031250
1 0.080469 0.518750 0.035937 0.065625
1 0.139063 0.524219 0.021875 0.051562
1 0.291406 0.520312 0.048438 0.056250
1 0.389062 0.525781 0.031250 0.039062
1 0.392969 0.589844 0.064062 0.073438
1 0.267188 0.701562 0.050000 0.046875
1 0.325781 0.756250 0.048438 0.068750
1 0.586719 0.360156 0.067187 0.082812
1 0.805469 0.573438 0.042188 0.053125
1 0.643750 0.710156 0.050000 0.029687
1 0.666406 0.907813 0.082812 0.062500
1 0.545312 0.917188 0.043750 0.025000
1 0.803906 0.943750 0.064062 0.062500
1 0.876563 0.245312 0.053125 0.043750
1 0.534375 0.152344 0.040625 0.060937
1 0.349219 0.177344 0.054688 0.048438
1 0.558594 0.042969 0.051562 0.045312
1 0.678125 0.049219 0.043750 0.045312