1 0.381113 0.721690 0.040352 0.051657
1 0.872332 0.779693 0.032164 0.037308
1 0.239611 0.814658 0.038597 0.057398
1 0.929359 0.836484 0.036842 0.035872
1 0.736093 0.149479 0.040936 0.045917
1 0.961385 0.181821 0.041520 0.053093
1 0.069088 0.310740 0.053802 0.050223
1 0.755135 0.313599 0.041520 0.067441
1 0.542836 0.319013 0.035672 0.043765
1 0.258727 0.339249 0.064328 0.057398
1 0.862463 0.348844 0.037427 0.045917
1 0.067142 0.415188 0.046784 0.078922
1 0.918312 0.415098 0.049123 0.048070
1 0.557191 0.453561 0.036258 0.044483
1 0.070952 0.561864 0.045030 0.050223
1 0.176709 0.567369 0.050292 0.057398
1 0.519088 0.588220 0.053802 0.053093
1 0.918613 0.598040 0.040352 0.057398
1 0.573109 0.688877 0.036842 0.035872